0.000000000
174.088071000
348.176142000
522.264213000
696.352284000
870.440355000
1044.528426000
1218.616497000
1220.816339667
1223.013923333
1225.209126000
1227.401822000
1229.591878000
1231.779159000
1233.963520333
1236.144817000
1238.322892000
1240.497585333
1242.668728000
1244.836146000
1246.999653000
1249.159056333
1251.314154000
1253.464733000
1255.610568667
1257.751424000
1259.887051000
1262.017184333
1264.141546000
1266.259838333
1268.371746000
1270.476934000
1272.575042333
1274.665688333
1276.748461000
1278.822917000
1280.888580000
1282.944933000
1284.991419000
1287.027428000
1289.052295000
1291.065292667
1293.065617667
1295.052384000
1297.024605667
1298.981179333
1300.920866000
1302.842262333
1304.743765667
1306.623531000
1308.479412333
1310.308887333
1312.108944000
1313.875931000
1315.605336000
1317.291437000
1318.926752667
1320.501082000
1321.999674000
1323.399203667
1324.656467000
1325.650185000
1326.085962667
1326.494285000
1326.902795000
1327.311326000
1327.719961667
1328.128701333
1328.537545000
1328.946494000
1329.355547000
1329.764704000
1330.173966000
1330.583332000
1330.992803000
1331.402378000
1331.812058000
1332.221843000
1332.631732000
1333.041726000
1333.451824000
1333.862027000
1334.272335000
1334.682748000
1335.093265000
1335.503888000
1335.914615000
1336.325447000
1336.736383667
1337.147426000
1337.558572333
1337.969824000
1338.381181000
1338.792642333
1339.204209667
1339.615881000
1340.027658333
1340.439540667
1340.851528000
1341.263620333
1341.675859000
1342.087997000
1342.500364000
1342.912836000
1343.325538000
1343.738221000
1344.151009000
1344.564026000
1344.977026000
1345.390130000
1345.803464000
1346.216780000
1346.630201000
1347.043851000
1347.457483000
1347.871221000
1348.285189000
1348.699138000
1349.113193000
1349.527477000
1349.941744000
1350.356116000
1350.770718000
1351.185302000
1351.599991000
1352.014911000
1352.429812000
1352.844819000
1353.260057000
1353.675276000
1354.090601000
1354.506157000
1354.921695000
1355.337338000
1355.753212000
1356.169068000
1356.585030000
1357.001223000
1357.417397000
1357.833677000
1358.250189000
1358.666682000
1359.083282000
1359.500113000
1359.916925000
1360.333843000
1360.750994000
1361.168125000
1361.585363000
1362.002833000
1362.420284000
1362.837842000
1363.255632000
1363.673403000
1364.091280000
1364.509390000
1364.927481000
1365.345679000
1365.764109000
1366.182521000
1366.601039000
1367.019790000
1367.438522000
1367.857361000
1368.276432000
1368.695485000
1369.114645000
1369.534037000
1369.953411000
1370.372892000
1370.792606000
1371.212301000
1371.632104000
1372.052139000
1372.472156000
1372.892280000
1373.312637000
1373.732976000
1374.153422000
1374.574101000
1374.994762000
1375.415530000
1375.836531000
1376.257514000
1376.678605000
1377.099929000
1377.521234000
1377.942647000
1378.364294000
1378.785923000
1379.207658000
1379.629629000
1380.051580000
1380.473639000
1380.895932000
1381.318207000
1381.740589000
1382.163206000
1382.585804000
1383.008510000
1383.431451000
1383.854373000
1384.277403000
1384.700667000
1385.123913000
1385.547267000
1385.970856000
1386.394426000
1386.818105000
1387.242018000
1387.665913000
1388.089916000
1388.514154000
1388.938374000
1389.362702000
1389.787265000
1390.211810000
1390.636462000
1391.061351000
1391.486221000
1391.911199000
1392.336414000
1392.761609000
1393.186913000
1393.612453000
1394.037974000
1394.463603000
1394.889470000
1395.315317000
1395.741272000
1396.167465000
1396.593638000
1397.019920000
1397.446439000
1397.872939000
1398.299548000
1398.726393000
1399.153220000
1399.580156000
1400.007328000
1400.434482000
1400.861745000
1401.289245000
1401.716726000
1402.144316000
1402.572143000
1402.999952000
1403.427869000
1403.856025000
1404.284161000
1404.712406000
1405.140890000
1405.569354000
1405.997928000
1406.426739000
1406.855532000
1407.284434000
1407.713574000
1408.142695000
1408.571926000
1409.001395000
1409.430845000
1409.860404000
1410.290202000
1410.719981000
1411.149869000
1411.579997000
1412.010105000
1412.440323000
1412.870780000
1413.301217000
1413.731765000
1414.162552000
1414.593319000
1415.024197000
1415.455313000
1415.886411000
1416.317618000
1416.749065000
1417.180493000
1417.612031000
1418.043809000
1418.475567000
1418.907436000
1419.339544000
1419.771633000
1420.203833000
1420.636272000
1421.068692000
1421.501223000
1421.933994000
1422.366745000
1422.799607000
1423.232709000
1423.665793000
1424.098986000
1424.532420000
1424.965835000
1425.399361000
1425.833127000
1426.266874000
1426.700732000
1427.134830000
1427.568909000
1428.003100000
1428.437531000
1428.871943000
1429.306465000
1429.741229000
1430.175974000
1430.610830000
1431.045927000
1431.481005000
1431.916193000
1432.351624000
1432.787035000
1433.222557000
1433.658321000
1434.094066000
1434.529922000
1434.966020000
1435.402099000
1435.838288000
1436.274721000
1436.711133000
1437.147657000
1437.584424000
1438.021171000
1438.458029000
1438.895130000
1439.332212000
1439.769405000
1440.206841000
1440.644258000
1441.081786000
1441.519557000
1441.957309000
1442.395172000
1442.833279000
1443.271366000
1443.709565000
1444.148007000
1444.586430000
1445.024964000
1445.463743000
1445.902501000
1446.341372000
1446.780486000
1447.219581000
1447.658788000
1448.098238000
1448.537670000
1448.977213000
1449.417000000
1449.856768000
1450.296648000
1450.736773000
1451.176878000
1451.617095000
1452.057556000
1452.497998000
1452.938553000
1453.379352000
1453.820131000
1454.261023000
1454.702160000
1455.143277000
1455.584507000
1456.025982000
1456.467437000
1456.909005000
1457.350818000
1457.792611000
1458.234517000
1458.676669000
1459.118801000
1459.561045000
1460.003536000
1460.446006000
1460.888590000
1461.331419000
1461.774229000
1462.217151000
1462.660320000
1463.103469000
1463.546731000
1463.990239000
1464.433727000
1464.877329000
1465.321177000
1465.765005000
1466.208946000
1466.653134000
1467.097302000
1467.541584000
1467.986112000
1468.430621000
1468.875243000
1469.320112000
1469.764961000
1470.209923000
1470.655133000
1471.100323000
1471.545627000
1471.991178000
1472.436709000
1472.882353000
1473.328246000
1473.774118000
1474.220104000
1474.666338000
1475.112552000
1475.558880000
1476.005455000
1476.452011000
1476.898681000
1477.345599000
1477.792497000
1478.239509000
1478.686769000
1479.134010000
1479.581364000
1480.028967000
1480.476550000
1480.924248000
1481.372193000
1481.820119000
1482.268160000
1482.716449000
1483.164718000
1483.613102000
1484.061734000
1484.510347000
1484.959074000
1485.408050000
1485.857006000
1486.306077000
1486.755398000
1487.204698000
1487.654113000
1488.103777000
1488.553422000
1489.003181000
1489.453190000
1489.903179000
1490.353283000
1490.803637000
1491.253971000
1491.704420000
1492.155119000
1492.605797000
1493.056591000
1493.507635000
