0
176.541482143
353.082964286
529.624446429
706.165928571
882.707410714
1059.24889286
1235.790375
1238.01353733
1240.23514767
1242.455114
1244.67334367
1246.88973967
1249.104203
1251.31663033
1253.526916
1255.73495
1257.94061833
1260.14380367
1262.344383
1264.54223067
1266.73721467
1268.929197
1271.11803667
1273.30358367
1275.485684
1277.66417567
1279.83888967
1282.009649
1284.17626733
1286.33855
1288.496293
1290.649281
1292.79728633
1294.940069
1297.07737733
1299.208941
1301.334476
1303.45367867
1305.566227
1307.671775
1309.76995567
1311.86037233
1313.942599
1316.016178
1318.080611
1320.135361
1322.17983967
1324.21340733
1326.23536
1328.24492433
1330.241241
1332.223357
1334.190205
1336.14058267
1338.073127
1339.98628033
1341.878247
1343.746936
1345.58988
1347.404132
1349.186111
1350.93137667
1352.634285
1354.287428
1355.880663
1357.39924633
1358.819694
1360.098045
1361.107385
1361.547578
1361.964955
1362.382472
1362.800062
1363.21775867
1363.63556133
1364.053471
1364.47148767
1364.889611
1365.307841
1365.72617767
1366.14462133
1366.563172
1366.981829
1367.400593
1367.819464
1368.23844267
1368.65752733
1369.076719
1369.49601867
1369.915425
1370.334938
1370.754558
1371.174286
1371.59412
1372.014062
1372.434111
1372.854267
1373.274531
1373.694902
1374.11538
1374.535797
1374.956574
1375.377333
1375.798198
1376.219298
1376.640378
1377.061566
1377.482988
1377.904392
1378.325903
1378.747647
1379.169374
1379.591207
1380.013275
1380.435325
1380.857482
1381.279873
1381.702246
1382.124726
1382.547441
1382.970137
1383.392941
1383.81598
1384.239
1384.662128
1385.085491
1385.508835
1385.932288
1386.355975
1386.779644
1387.20342
1387.627432
1388.051425
1388.475527
1388.899864
1389.324182
1389.748608
1390.17327
1390.597913
1391.022664
1391.447652
1391.87262
1392.297697
1392.72301
1393.148304
1393.573706
1393.999345
1394.424965
1394.850694
1395.276658
1395.702604
1396.128659
1396.55495
1396.981223
1397.407604
1397.834222
1398.260821
1398.687528
1399.114473
1399.541399
1399.968433
1400.395705
1400.822958
1401.25032
1401.677919
1402.105499
1402.533189
1402.961116
1403.389023
1403.81704
1404.245295
1404.673531
1405.101876
1405.530458
1405.959022
1406.387695
1406.816606
1407.245498
1407.6745
1408.10374
1408.53296
1408.962291
1409.391859
1409.821409
1410.251068
1410.680966
1411.110845
1411.540833
1411.97106
1412.401268
1412.831586
1413.262143
1413.69268
1414.123328
1414.554214
1414.985082
1415.416059
1415.847276
1416.278474
1416.709781
1417.141328
1417.572856
1418.004495
1418.436372
1418.868231
1419.3002
1419.732408
1420.164598
1420.596898
1421.029437
1421.461958
1421.894589
1422.32746
1422.760312
1423.193275
1423.626478
1424.059661
1424.492955
1424.92649
1425.360006
1425.793632
1426.227499
1426.661346
1427.095305
1427.529504
1427.963684
1428.397975
1428.832507
1429.26702
1429.701643
1430.136508
1430.571354
1431.00631
1431.441509
1431.876687
1432.311977
1432.747509
1433.183021
1433.618644
1434.05451
1434.490355
1434.926312
1435.362512
1435.798691
1436.234983
1436.671516
1437.10803
1437.544655
1437.981523
1438.418372
1438.855332
1439.292534
1439.729717
1440.167012
1440.60455
1441.042068
1441.479697
1441.91757
1442.355423
1442.793388
1443.231597
1443.669785
1444.108086
1444.54663
1444.985154
1445.423791
1445.862671
1446.301531
1446.740504
1447.17972
1447.618917
1448.058226
1448.497778
1448.937311
1449.376957
1449.816846
1450.256716
1450.696699
1451.136925
1451.577132
1452.017451
1452.458015
1452.89856
1453.339216
1453.780118
1454.220999
1454.661994
1455.103233
1455.544452
1455.985785
1456.427362
1456.868919
1457.31059
1457.752505
1458.194401
1458.63641
1459.078664
1459.520899
1459.963246
1460.405839
1460.848412
1461.291098
1461.734031
1462.176943
1462.619968
1463.06324
1463.506492
1463.949856
1464.393468
1464.837059
1465.280763
1465.724714
1466.168646
1466.61269
1467.056981
1467.501252
1467.945637
1468.390269
1468.83488
1469.279606
1469.724578
1470.16953
1470.614596
1471.059909
1471.505202
1471.950609
1472.396264
1472.841898
1473.287646
1473.733642
1474.179618
1474.625707
1475.072045
1475.518362
1475.964794
1476.411473
1476.858133
1477.304906
1477.751928
1478.19893
1478.646045
1479.09341
1479.540754
1479.988212
1480.435919
1480.883606
1481.331407
1481.779457
1482.227487
1482.675631
1483.124024
1483.572398
1484.020885
1484.469622
1484.918339
1485.36717
1485.81625
1486.265311
1486.714486
1487.163911
1487.613315
1488.062835
1488.512604
1488.962352
1489.412216
1489.86233
1490.312423
1490.762631
1491.21309
1491.663528
1492.114081
1492.564885
1493.015668
1493.466567
1493.917716
1494.368845
1494.820089
1495.271583
1495.723058
1496.174647
1496.626488
1497.078308
1497.530244
1497.98243
1498.434597
1498.886879
1499.339412
1499.791925
1500.244553
1500.697433
1501.150293
1501.603268
1502.056495
1502.509702
1502.963024
1503.416598
1503.870152
1504.323821
1504.777743
1505.231644
1505.685662
1506.139931
1506.59418
1507.048545
1507.503162
1507.95776
1508.412473
1508.867439
1509.322384
1509.777445
1510.23276
1510.688054
1511.143464
1511.599127
1512.05477
1512.510529
1512.966541
1513.422533
1513.878642
1514.335003
1514.791345
1515.247802
1515.704514
1516.161205
1516.618012
1517.075073
1517.532114
1517.989272
1518.446683
1518.904074
1519.361582
1519.819344
1520.277085
1520.734943
1521.193056
1521.651148
1522.109357
1522.567821
1523.026264
1523.484824
1523.943639
1524.402433
1524.861344
1525.320511
1525.779657
1526.23892
1526.698438
1527.157936
1527.61755
1528.077421
